Global Surface Air Temperature Anomaly (C) (Base: 1951-1980)
------------------------------------------------------------
 Year  Annual_Mean 5-year_Mean
--------------------------------
 1880     -0.52         *
 1881     -0.50         *
 1882     -0.42     -0.52
 1883     -0.43     -0.53
 1884     -0.71     -0.57
 1885     -0.57     -0.63
 1886     -0.70     -0.64
 1887     -0.73     -0.55
 1888     -0.50     -0.56
 1889     -0.26     -0.55
 1890     -0.62     -0.52
 1891     -0.65     -0.53
 1892     -0.56     -0.58
 1893     -0.59     -0.54
 1894     -0.49     -0.48
 1895     -0.40     -0.42
 1896     -0.36     -0.39
 1897     -0.27     -0.36
 1898     -0.43     -0.32
 1899     -0.36     -0.29
 1900     -0.20     -0.32
 1901     -0.20     -0.33
 1902     -0.42     -0.38
 1903     -0.48     -0.42
 1904     -0.59     -0.43
 1905     -0.39     -0.47
 1906     -0.29     -0.46
 1907     -0.59     -0.44
 1908     -0.44     -0.44
 1909     -0.47     -0.46
 1910     -0.40     -0.42
 1911     -0.42     -0.41
 1912     -0.39     -0.35
 1913     -0.38     -0.29
 1914     -0.14     -0.28
 1915     -0.13     -0.32
 1916     -0.37     -0.34
 1917     -0.58     -0.36
 1918     -0.49     -0.40
 1919     -0.25     -0.37
 1920     -0.34     -0.32
 1921     -0.22     -0.29
 1922     -0.31     -0.29
 1923     -0.32     -0.29
 1924     -0.28     -0.26
 1925     -0.30     -0.24
 1926     -0.09     -0.21
 1927     -0.23     -0.23
 1928     -0.15     -0.21
 1929     -0.38     -0.22
 1930     -0.20     -0.20
 1931     -0.12     -0.22
 1932     -0.13     -0.17
 1933     -0.27     -0.18
 1934     -0.12     -0.18
 1935     -0.25     -0.16
 1936     -0.12     -0.10
 1937     -0.03     -0.10
 1938      0.04     -0.04
 1939     -0.13     -0.01
 1940      0.06      0.00
 1941      0.01     -0.01
 1942      0.02      0.02
 1943     -0.03     -0.02
 1944      0.03     -0.04
 1945     -0.11     -0.04
 1946     -0.11     -0.05
 1947      0.02     -0.08
 1948     -0.10     -0.11
 1949     -0.12     -0.10
 1950     -0.23     -0.11
 1951     -0.08     -0.08
 1952     -0.04     -0.09
 1953      0.05     -0.07
 1954     -0.14     -0.10
 1955     -0.13     -0.09
 1956     -0.23     -0.08
 1957      0.02     -0.05
 1958      0.07     -0.02
 1959      0.04      0.04
 1960     -0.02      0.04
 1961      0.08      0.03
 1962      0.02     -0.03
 1963      0.02     -0.06
 1964     -0.25     -0.09
 1965     -0.17     -0.10
 1966     -0.06     -0.12
 1967     -0.02     -0.07
 1968     -0.10     -0.02
 1969      0.01     -0.02
 1970      0.07     -0.02
 1971     -0.07      0.04
 1972     -0.02      0.03
 1973      0.23      0.02
 1974     -0.04      0.00
 1975      0.02      0.05
 1976     -0.17      0.03
 1977      0.21      0.08
 1978      0.14      0.15
 1979      0.21      0.27
 1980      0.34      0.25
 1981      0.44      0.30
 1982      0.13      0.30
 1983      0.39      0.27
 1984      0.22      0.24
 1985      0.20      0.30
 1986      0.26      0.33
 1987      0.42      0.36
 1988      0.53      0.43
 1989      0.39      0.48
 1990      0.54      0.44
 1991      0.53      0.39
 1992      0.23      0.39
 1993      0.27      0.39
 1994      0.38      0.38
 1995      0.55      0.44
 1996      0.48      0.56
 1997      0.54      0.60
 1998      0.83      0.60
 1999      0.59      0.64
 2000      0.57      0.69
 2001      0.67      0.68
 2002      0.79      0.70
 2003      0.77      0.76
 2004      0.68      0.78
 2005      0.87      0.79
 2006      0.77      0.76
 2007      0.85      0.78
 2008      0.64      0.79
 2009      0.78      0.79
 2010      0.91      0.77
 2011      0.78      0.81
 2012      0.76      0.82
 2013      0.81      0.83
 2014      0.87         *
 2015      0.96         *
 2016         *         *

------------------------------------
